{
    "TourSize" : 10,
    "DistanceMatrix" :
        [[0,  0,   257, 91,  412, 150, 80,  134, 259, 0  ],
        [0,   0,   390, 661, 227, 488, 572, 530, 555, 289],
        [257, 390, 0,   228, 169, 112, 196, 0  , 372, 262],
        [91,  661, 228, 0  , 0  , 120, 77,  105, 0  , 476],
        [412, 227, 169, 0  , 0  , 267, 351, 309, 338, 196],
        [150, 488, 112, 120, 267, 0,   63,  34,  264, 360],
        [80,  572, 196, 77,  351, 63,  0,   29,  232, 444],
        [134, 530, 0  , 105, 309, 34,  29,  0,   249, 402],
        [259, 555, 372, 0  , 338, 264, 232, 249, 0,   495],
        [0  , 289, 262, 476, 196, 360, 444, 402, 495, 0]]
    }

